0.000000000000000000e+00 -6.546866614612169011e-01 7.075350803852208381e-01 3.353749975129023397e-01 1.183909485562176754e-02 -2.829783206865641443e-01 2.829783206865641443e-01 -2.829783206865641443e-01 3.338132250136802842e-02 2.971998955447875401e-01
-6.546866614612169011e-01 0.000000000000000000e+00 -3.694358235031457993e-01 3.792095465929210679e-03 -3.514407195247821747e-01 6.198516885055372905e-01 -6.198516885055372905e-01 6.198516885055372905e-01 -3.683631152325838043e-01 -6.368490315776020871e-01
7.075350803852208381e-01 -3.694358235031457993e-01 0.000000000000000000e+00 6.169641391869320479e-01 2.943465680184512157e-01 3.746036491872319248e-03 -3.746036491872319248e-03 3.746036491872319248e-03 -2.518988530647385260e-01 1.277731863156796044e-02
3.353749975129023397e-01 3.792095465929210679e-03 6.169641391869320479e-01 0.000000000000000000e+00 -8.098200923436939258e-02 -3.697918239379328065e-01 3.697918239379328065e-01 -3.697918239379328065e-01 -6.245901366754365025e-01 -3.609911263491197286e-01
1.183909485562176754e-02 -3.514407195247821747e-01 2.943465680184512157e-01 -8.098200923436939258e-02 0.000000000000000000e+00 2.272094305884807611e-02 -2.272094305884807611e-02 2.272094305884807611e-02 -2.736266071753484241e-01 7.084527822240688222e-01
-2.829783206865641443e-01 6.198516885055372905e-01 3.746036491872319248e-03 -3.697918239379328065e-01 2.272094305884807611e-02 0.000000000000000000e+00 -9.929348418085466310e-01 9.929348418085466310e-01 3.868364785490387148e-03 -2.630473120211037630e-01
2.829783206865641443e-01 -6.198516885055372905e-01 -3.746036491872319248e-03 3.697918239379328065e-01 -2.272094305884807611e-02 -9.929348418085466310e-01 0.000000000000000000e+00 -9.929348418085466310e-01 -3.868364785490387148e-03 2.630473120211037630e-01
-2.829783206865641443e-01 6.198516885055372905e-01 3.746036491872319248e-03 -3.697918239379328065e-01 2.272094305884807611e-02 9.929348418085466310e-01 -9.929348418085466310e-01 0.000000000000000000e+00 3.868364785490387148e-03 -2.630473120211037630e-01
3.338132250136802842e-02 -3.683631152325838043e-01 -2.518988530647385260e-01 -6.245901366754365025e-01 -2.736266071753484241e-01 3.868364785490387148e-03 -3.868364785490387148e-03 3.868364785490387148e-03 0.000000000000000000e+00 1.150167209611579859e-02
2.971998955447875401e-01 -6.368490315776020871e-01 1.277731863156796044e-02 -3.609911263491197286e-01 7.084527822240688222e-01 -2.630473120211037630e-01 2.630473120211037630e-01 -2.630473120211037630e-01 1.150167209611579859e-02 0.000000000000000000e+00
